137.851
69.8511
82.5406
82.5406
137.851

68.7271
68.7271
13.5548
47.5468
39.5432

37.687
37.687
33.0883
62.8456
37.6538

78.3648
78.3648
37.6346
39.0672
16.1254

51.4991
51.4991
63.7017
35.3216
39.0097

99.0793
99.0793
16.708
26.2535
26.2535

283.581
283.581
297
297
202.009

274.009
274.009
274.009
190.116
188.881

276.806
276.806
170.955
196.673
150.906

230.703
230.703
179.348
177.769
326.781

17.2097
41.5152
26.3761
42.9582
18.4644

282.353
282.353
219.301
235.359
217.216

81.9789
109.148
80.4429
111.658
81.9447

96.8811
85.7865
111.767
168.88
139.935

129.215
140.261
142.164
90.9925
95.1815

143.632
157.392
147.095
137.51
121.167

156.351
111.367
103.515
137.209
202.769

532.474
608.15
760.537
536.237
571.422

661.287
596.257
650.101
644.039
487.621

656.23
535.344
622.147
724.075
460.013

592.717
586.481
442.67
503.619
430.588

151.159
131.229
150.397
123.812
146.252

664.063
603.507
583.272
620.425
570.189

73.3855
109.891
94.1231
94.1231
84.8201

173.862
167.774
150.492
150.492
171.545

120.288
108.319
149.584
149.584
150.222

154.305
138.748
118.874
118.874
157.493

154.086
154.675
86.1687
86.1687
133.256

602.139
558.614
787.583
787.583
727.785

755.587
1047.13
1150.22
1150.22
1298.31

803.597
697.568
749.732
749.732
821.031

582.603
612.225
548.414
548.414
725.17

13.5875
19.9308
27.2973
12.4465
7.68805

708.416
798.912
664.931
664.931
550.817

228.978
241.303
181.306
206.491
208.662

237.5
260.029
158.385
176.99
201.322

174.592
149.058
267.708
315.267
146.704

228.199
252.494
218.551
210.834
232.701

218.333
175.251
190.591
212.775
218.608

834.352
748.854
1083.64
882.481
968.362

780.954
640.308
742.65
603.502
724.566

828.256
757.568
872.515
823.063
811.193

739.994
775.003
939.765
824.44
993.493

110.873
90.5341
101.06
103.327
93.684

762.356
845.692
941.199
992.435
1102.75

151.201
140.774
158.541
137.257
132.184

71.7693
65.0906
60.5458
53.7415
93.7073

114.226
60.8378
106.892
143.83
143.83

81.7955
103.032
106.508
60.5901
81.7955

78.6883
74.1066
48.7
58.9585
82.7534